0.106980324
0.18433648
0.08184846
0.069427095
0.047810927
0.10691756
0.046272516
0.04637092
0.050418828
0.030994374
0.038746968
0.03160039
0.027760606
0.031872384
0.032759234
0.03749396
0.025454488
0.02867239
0.02894521
0.0251537
0.020728035
0.025463821
0.026341708
0.021106545
0.022028752
0.016967038
0.0152462255
0.014763033
0.013187046
0.018467925
0.013082112
0.028391624
0.014745371
0.012940298
0.017221773
0.014734125
0.015581961
0.0129921725
0.011373496
0.011807713
0.013357622
0.014658004
0.015141369
0.015429595
0.018670341
0.010430101
0.010017998
0.0143039115
0.013788288
0.012350413
0.009109215
0.011645692
0.012551506
0.012648991
0.0101635195
0.010510332
0.009276002
0.0099191135
0.008951492
0.009284698
0.012889385
0.007602334
0.014204565
0.0119479615
0.0091193495
0.011995
0.0058330456
0.0076864297
0.011251679
0.0078377165
0.010121964
0.0078028664
0.005651985
0.011139944
0.006313847
0.007375291
0.00617803
0.013695737
0.01043516
0.010340147
0.0051399055
0.007781312
0.008131593
0.0048757875
0.0083509525
0.0102007985
0.010177411
0.0070938934
0.005414795
0.005593881
0.008045582
0.006384145
0.005516918
0.005151808
0.006010961
0.004237765
0.005869982
0.006266874
0.006369948
