0.19933087
0.110068455
0.17873903
0.124937415
0.11602252
0.07281387
0.048018888
0.040533517
0.04581039
0.04317672
0.033017177
0.03543664
0.030357406
0.030517729
0.026420541
0.02693408
0.021865591
0.019893937
0.017833982
0.021316182
0.019032681
0.017555084
0.02042458
0.02094553
0.016329708
0.01469461
0.014858241
0.024975669
0.018980647
0.02243133
0.014334459
0.02033173
0.023800947
0.016489511
0.01435302
0.013414182
0.014324196
0.014941787
0.014196322
0.013539538
0.009652662
0.015575699
0.015128472
0.012449553
0.011113836
0.008547404
0.008768976
0.017473264
0.0088827
