0.14032805
0.1295957
0.07218907
0.055180665
0.05732267
0.042161994
0.037347563
0.034824107
0.04204333
0.040198237
0.034948546
0.033008683
0.023498077
0.015515466
0.02810816
0.017055785
0.01988917
0.021615693
0.025051191
0.025668671
0.012981313
0.019879667
0.02322581
0.022389168
0.015273325
0.020457465
0.014203459
0.015356148
0.019673327
0.015691498
0.018162074
0.011495642
0.02078353
0.019332344
0.01288866
0.01281204
0.015204056
0.013819166
0.01077676
0.009224718
0.0131139625
0.024847265
0.012406657
0.012139763
0.012286782
0.017628146
0.017595228
0.008736226
0.01352397
0.011061309
0.007903598
0.010987461
0.009921486
0.0071267798
0.017576948
0.014206243
0.008551531
0.012405972
0.010612903
0.008939137
0.011545502
0.010141867
0.01202646
0.011249849
0.01591403
0.011404235
0.0069489195
0.017282395
0.0128388
0.007903267
0.010434544
0.008735991
0.012400791
0.010264054
0.007384452
0.008111826
0.011925686
0.01265575
0.008608872
0.0097587025
0.012525859
0.00983875
0.011844873
0.011061813
0.006850886
0.0068663084
0.008876627
0.009492539
0.011979056
0.0073500606
0.0097741
0.019125279
0.0061561614
0.00995199
0.010141386
0.005414976
0.008025865
0.008333106
0.01180523
