0.19172908
0.1323101
0.07854313
0.055916663
0.0859951
0.060520478
0.05476881
0.050997842
0.04517396
0.05540499
0.036545128
0.0423296
0.031677425
0.031022891
0.028345967
0.030465573
0.025341196
0.027952397
0.03367777
0.026624138
0.021874927
0.029612957
0.02568668
0.02818477
0.019026324
0.016269285
0.018338285
0.020735595
0.015878728
0.022161225
0.026392857
0.022458015
0.016461363
0.021040682
0.016543383
0.018450888
0.021902524
0.019397115
0.02001507
0.019651676
0.019668648
0.024529546
0.028669056
0.012685681
0.01157437
0.021484915
0.011951543
0.022541577
0.02306794
0.016045962
0.014417933
0.025279738
0.015267786
0.012115214
0.014373743
0.013154806
0.015021484
0.012511483
0.011592256
0.010012237
0.014821267
0.027228212
0.012218739
0.015521297
0.013662251
0.015828297
0.014725462
0.010115706
0.010082666
0.01857906
0.015392548
0.015671419
0.011085894
0.010001208
0.015725935
0.013999366
0.019197121
0.0098580215
0.014733236
0.011581335
0.014180196
0.014166819
0.011485881
0.011590794
0.00897149
0.012649773
0.011118731
0.015675992
0.008376974
0.008688866
0.009551251
0.009658987
0.015670914
0.010666778
0.011774989
0.010192884
0.013843852
0.008165461
0.01240353
