0.17067473
0.10603615
0.10401933
0.053279266
0.06411854
0.086351424
0.054788012
0.054006036
0.06171708
0.066012986
0.05731259
0.044707578
0.07105156
0.05551346
0.045856364
0.054022968
0.052960917
0.049330868
0.048506994
0.0657451
0.04634628
0.05398248
0.057640728
0.045606945
0.050894696
0.043031372
0.06254328
0.049316924
0.052081883
0.063240305
0.04702789
0.04546762
0.053983163
0.047106925
0.05635957
0.064188965
0.05893938
0.050120063
0.039823607
0.05868836
0.037995495
0.031681165
0.030756636
0.04013575
0.061265133
0.03680717
0.034287076
0.03725995
0.037068762
0.044157736
0.04533487
0.053666797
0.0383757
0.040572558
0.047779847
0.03749694
0.024819707
0.047312334
0.056650996
