0.15339899
0.12918384
0.13397418
0.12179165
0.10797836
0.09201156
0.08096304
0.08923472
0.09243413
0.071727775
0.073367536
0.07230919
0.07094681
0.06808727
0.067096286
0.06241857
0.054387365
0.05485876
0.055638302
0.05291663
0.05347382
0.0487975
0.057721827
0.053253986
0.04821741
0.0461205
0.047124732
0.04605109
0.045920942
0.041774996
0.043691788
0.04152154
0.041274533
0.039046835
0.03716326
0.03522399
0.038850874
0.035151627
0.032660585
0.032777116
0.03171002
0.030675983
0.03238547
0.030655373
0.030360058
0.028698122
0.02756187
0.02829296
0.026968228
0.026194634
0.024917934
0.024865681
0.024532558
0.024213139
0.022977212
0.022834616
0.03387256
0.04741949
0.031635188
0.027232789
0.02349596
0.023558257
0.020621011
0.019879837
0.019245876
0.02090687
0.02158978
0.018464472
0.019060064
0.018106606
0.01790929
0.017267073
0.016534895
0.016228298
0.016334377
0.015744625
0.015753921
0.015736748
0.0143588865
0.014915482
0.017370313
0.015337401
0.0155401835
0.013022566
0.013697921
0.012444418
0.012509782
0.012068716
0.0117040165
0.011267845
0.010768736
0.010872829
0.010814333
0.011243535
0.012388675
0.010138248
0.009349545
0.010116129
0.009829374
