0.16425386
0.121022165
0.1358369
0.13449992
0.07529716
0.04222156
0.052107334
0.048208907
0.060041767
0.03822182
0.042600732
0.029138703
0.039741118
0.027652271
0.030355072
0.03147601
0.022206176
0.025943266
0.018064937
0.017727675
0.013409259
0.018180778
0.017456533
0.022450702
0.019739484
0.01695467
0.019086849
0.011916752
0.016030103
0.019643174
0.016791718
0.027740633
0.01185826
0.015807375
0.011118255
0.0128657175
0.017084464
0.01299915
0.013854634
0.014966197
0.013388363
0.014171272
0.0077022878
0.011460815
0.014409524
0.013462966
0.0120659005
0.01165231
0.011510813
0.007205608
0.009184916
0.007363762
0.02558359
0.010390913
0.009581872
0.0100035155
0.008734151
0.010163187
0.015220613
0.009748595
0.014775352
0.010315008
0.012719038
0.009833823
0.010604878
0.009190487
0.007123386
0.004665424
0.012038847
0.008135113
0.013044016
0.0069949036
0.01073532
0.0070860046
0.006001767
0.008611481
0.006403401
0.00849824
0.007764523
0.004893406
0.006766438
0.0054055834
0.006725416
0.007982153
0.008797159
0.0111053
0.0075440016
0.008588788
0.0041470597
0.0057043736
0.006935283
0.006601813
0.0054405816
0.012252035
0.00535604
0.0063775526
0.009685912
0.0094968155
0.009572761
