0.19782984
0.123386234
0.1430468
0.13338788
0.085326985
0.052984506
0.061961073
0.053237114
0.045590695
0.042186763
0.057630565
0.034080416
0.046759803
0.034399334
0.040446166
0.03102965
0.025581
0.0275007
0.023006558
0.023702735
0.026065448
0.016482
0.019348804
0.014225022
0.017573122
0.016538167
0.017226363
0.019577986
0.014414457
0.012961201
0.020346433
0.0148299765
0.011726127
0.01400322
0.015328487
0.01440249
0.015310725
0.013758047
0.012811001
0.015572855
0.020295117
0.012097949
0.012917149
0.016893474
0.009812836
0.01710094
0.011829076
0.011984793
0.01629298
0.011035315
0.0127696525
0.012955525
0.012590808
0.013300125
0.010194524
0.014996644
0.011151453
0.013109006
0.00644375
0.012838377
0.016252875
0.009285035
0.0090073915
0.009339476
0.007591566
0.011532758
0.011449917
0.010884211
0.011116974
0.011674529
0.011483162
0.0082505355
0.011418598
0.014397382
0.00920047
0.008810305
0.009071971
0.0055879266
0.013252219
0.0059075877
0.009012969
0.011663875
0.008335678
0.0063045835
0.0077507286
0.007015991
0.0072928136
0.00955735
0.008903039
0.0061862087
0.010486416
0.0110044405
0.010188165
0.0049333107
0.004939999
0.00902857
0.008439487
0.011484207
0.006576673
