0.17843996
0.1656591
0.1603853
0.13851795
0.12704481
0.11007928
0.12464124
0.11738339
0.12828049
0.113080665
0.081964895
0.10214894
0.10573276
0.11147223
0.091245055
0.082539394
0.08608059
0.09072486
0.088799484
0.07879223
0.08636852
0.07050386
0.0741845
0.066921405
0.06337091
0.07780019
0.0676114
0.05360272
0.061304208
0.06895295
0.066121995
0.06474815
0.05280473
0.05630308
0.05291869
0.059062596
0.06452596
0.046755962
0.048017494
0.05170958
0.03903896
0.047120944
0.045445126
0.04784661
0.05038616
0.042662643
0.039222557
0.040815566
0.04400459
0.035762653
0.046893876
0.030563245
0.03223044
0.046272602
0.03981376
0.03184361
0.039617084
0.026239892
0.02680352
0.03117416
0.0291838
0.02985724
0.02971884
0.030735461
0.027665004
0.033191178
0.036327682
0.025658384
0.027755832
0.026601326
0.023141352
0.032244097
0.026774848
0.028124839
0.01980125
0.019644044
0.019523136
0.02456378
0.025678469
0.015720645
0.014194473
0.015937088
0.024213789
0.023124773
0.013653099
0.016765457
0.02042272
0.021701684
0.021408828
0.02500903
0.01954734
0.010506744
0.012139474
0.019307585
0.01597149
0.01853663
0.0107656345
0.0090480335
0.0145435715
