0.20434867
0.14508943
0.17091238
0.13169251
0.104137585
0.08406423
0.057750978
0.06732207
0.055122003
0.050187834
0.047686085
0.036434118
0.03838817
0.038075157
0.039314833
0.040242083
0.045136847
0.02603001
0.033972934
0.028358066
0.03145052
0.026740884
0.035193242
0.024818107
0.026146729
0.029869042
0.033867504
0.02884462
0.034114677
0.028230308
0.026245816
0.023496868
0.022728177
0.023658454
0.024303148
0.028969629
0.027260976
0.02431998
0.018801685
0.018277088
0.027804803
0.029633002
0.028737273
0.020482158
0.019771546
0.018195366
0.021659048
0.019993503
0.021446543
0.02459295
0.018974695
0.023315502
0.025906147
0.020255804
0.01668072
0.018270325
0.021567725
0.028125824
0.022320777
0.020894732
0.020368015
0.019100871
0.0131449215
0.018133316
0.025692752
0.023464488
0.031619806
0.016580947
0.01726674
0.017713305
0.017802242
0.016481064
0.013503333
0.011282681
0.019467847
0.016468644
0.018406333
0.014532078
0.02227828
0.01677415
0.010744673
0.012189161
0.021465423
0.018449692
0.014511033
0.01065781
0.012302366
0.0130567355
0.023663865
0.00869304
0.011643583
0.013313169
0.01573919
0.019474527
0.024083206
0.013161443
0.015339826
0.008941111
0.011586533
